0.1
0.1
0.1
0.1
0.1
0.1
0.1
0.1
0.1
0.1
0.1
0.1
0.1
0.1
0.1
0.1
0.1
0.1
0.1
0.1
0.1
0.1
0.1
0.1
0.1
0.1
0.1
0.1
0.1
0.1
10.09
20.08
30.07
40.06
50.05
60.04
70.03
80.02
90.01
90.01
90.01
90.01
90.01
90.01
90.01
90.01
90.01
90.01
90.01
90.01
90.01
90.01
90.01
90.01
90.01
90.01
90.01
90.01
90.01
90.01
90.01
90.01
90.01
90.01
90.01
90.01
90.01
90.01
90.01
90.01
90.01
90.01
90.01
90.01
90.01
90.01
90.01
90.01
90.01
90.01
90.01
90.01
90.01
90.01
90.01
90.01
90.01
90.01
90.01
90.01
90.01
90.01
90.01
90.01
90.01
90.01
90.01
90.01
90.01
90.01
