1
1.0101
1.02041
1.03093
1.04166
1.05263
1.06382
1.07526
1.08695
1.09889
1.1111
1.12358
1.13635
1.14941
1.16277
1.17645
1.19045
1.2048
1.21949
1.23454
1.24997
1.26579
1.28202
1.29866
1.31575
1.33329
1.35131
1.36981
1.38884
1.4084
1.42851
1.44921
1.47052
1.49247
1.51508
1.53838
1.56241
1.58721
1.61281
1.63924
1.66656
1.6948
1.72402
1.75426
1.78558
1.81804
1.8517
1.88663
1.9229
1.9606
1.9998
2.04061
2.08311
2.12742
2.17366
2.22196
2.27244
2.32528
2.38063
2.43868
2.49963
2.56371
2.63116
2.70225
2.77729
2.85662
2.94061
3.0297
3.12435
3.2251
3.33257
3.44744
3.57052
3.70272
3.84507
3.99882
4.16536
4.34639
4.54386
4.76014
4.99803
5.26094
5.55306
5.87952
6.24676
6.66294
7.13852
7.68722
8.3273
9.08364
9.99111
11.1
12.4858
14.267
16.6409
19.9625
24.9408
33.227
49.7587
99.0295
