1
0.990001
0.980002
0.970003
0.960004
0.950005
0.940006
0.930007
0.920008
0.910009
0.90001
0.890011
0.880012
0.870013
0.860014
0.850015
0.840016
0.830017
0.820018
0.810019
0.80002
0.790021
0.780022
0.770023
0.760024
0.750025
0.740026
0.730027
0.720028
0.710029
0.70003
0.690031
0.680032
0.670033
0.660034
0.650035
0.640036
0.630037
0.620038
0.610039
0.60004
0.590041
0.580042
0.570043
0.560044
0.550045
0.540046
0.530047
0.520048
0.510049
0.50005
0.490051
0.480052
0.470053
0.460054
0.450055
0.440056
0.430057
0.420058
0.410059
0.40006
0.390061
0.380062
0.370063
0.360064
0.350065
0.340066
0.330067
0.320068
0.310069
0.30007
0.290071
0.280072
0.270073
0.260074
0.250075
0.240076
0.230077
0.220078
0.210079
0.20008
0.190081
0.180082
0.170083
0.160084
0.150085
0.140086
0.130087
0.120088
0.110089
0.10009
0.090091
0.080092
0.070093
0.060094
0.050095
0.040096
0.030097
0.020098
0.010099
