100
100
100
100
100
100
100
100
100
100
400
400
400
400
400
400
400
400
400
400
600
600
600
600
600
600
600
600
600
600
800
800
800
800
800
800
800
800
800
800
900
900
900
900
900
900
900
900
900
900
900
900
900
900
900
900
900
900
900
900
900
900
900
900
900
900
900
900
900
900
800
800
800
800
800
800
800
800
800
800
600
600
600
600
600
600
600
600
600
600
400
400
400
400
400
400
400
400
400
400
100
100
100
100
100
100
100
100
100
100
100
100
100
100
100
100
100
100
100
100
100
100
100
100
100
100
100
100
100
100
100
100
100
100
100
100
100
100
100
100
100
100
100
100
100
100
100
100
100
100
100
100
100
100
100
100
100
100
100
100
100
100
100
100
100
100
100
100
100
100
100
100
100
100
100
100
100
100
100
100
100
100
100
100
100
100
100
100
100
100
