10
10
10
10
10
10
10
10
10
10
10
10
10
10
10
10
10
10
10
10
10
10
10
10
10
10
10
10
10
10
0.099108
0.0498008
0.0332557
0.0249626
0.01998
0.0166556
0.0142796
0.0124969
0.0111099
0.0111099
0.0111099
0.0111099
0.0111099
0.0111099
0.0111099
0.0111099
0.0111099
0.0111099
0.0111099
0.0111099
0.0111099
0.0111099
0.0111099
0.0111099
0.0111099
0.0111099
0.0111099
0.0111099
0.0111099
0.0111099
0.0111099
0.0111099
0.0111099
0.0111099
0.0111099
0.0111099
0.0111099
0.0111099
0.0111099
0.0111099
0.0111099
0.0111099
0.0111099
0.0111099
0.0111099
0.0111099
0.0111099
0.0111099
0.0111099
0.0111099
0.0111099
0.0111099
0.0111099
0.0111099
0.0111099
0.0111099
0.0111099
0.0111099
0.0111099
0.0111099
0.0111099
0.0111099
0.0111099
0.0111099
0.0111099
0.0111099
0.0111099
0.0111099
0.0111099
0.0111099
